10457
8 6 8 6 2 6 8 6 8 6 6 1 8 6 8 2 4 4 2 2 4 1 6 2 6 6 6 6 2 2 1 1 8 1 1 6 4 2 2 8 4 4 4 2 1 4 2 4 1 1 4 6 1 6 6 1 4 8 
20828
7 1 1 1 1 7 7 7 3 1 1 7 5 7 3 3 1 5 1 1 1 7 3 1 8 7 1 3 7 1 3 7 7 1 7 1 7 3 1 8 8 7 7 1 3 1 5 7 3 1 1 1 1 7 3 7 7 1 1 7 2 7 7 2 1 7 3 1 3 1 7 1 3 7 7 7 1 
25980
3 4 2 6 3 3 3 3 3 3 4 3 3 3 4 3 3 4 4 4 3 4 4 4 3 3 3 3 3 2 2 3 4 4 4 4 4 3 4 4 6 3 4 3 3 3 3 3 4 6 4 3 3 4 1 3 4 4 4 4 4 4 3 4 3 3 4 4 4 3 4 2 4 3 3 3 3 4 
14514
2 9 3 8 2 9 4 7 7 4 9 4 6 8 9 2 8 6 4 9 4 7 9 8 8 2 8 9 2 7 3 7 4 9 8 6 6 7 8 9 7 6 9 4 9 8 4 4 9 8 3 6 6 3 2 3 8 6 4 2 4 9 7 6 6 8 2 2 7 7 3 9 6 6 6 8 9 6 6 8 
28250
3 4 4 3 4 4 4 4 4 3 4 4 4 4 4 4 4 4 4 1 4 4 4 1 1 4 4 4 4 4 4 4 4 4 4 1 4 4 4 4 4 4 4 4 1 4 4 4 4 4 4 4 4 4 4 1 4 1 4 1 3 4 
6344
2 2 10 5 3 5 3 3 10 4 3 4 10 2 2 3 4 2 5 5 3 4 3 3 10 3 3 2 10 10 5 5 5 10 
21452
1 1 1 1 1 1 1 1 1 1 1 1 1 1 1 1 1 1 1 1 1 1 1 1 1 1 1 1 1 1 1 1 1 1 1 1 1 1 1 1 1 
3570
6 1 6 1 1 1 1 1 6 1 6 
15670
10 9 2 9 10 2 4 9 8 4 5 6 8 9 6 10 8 6 2 8 4 2 8 5 4 4 9 8 5 8 2 10 2 6 10 5 6 4 9 9 8 9 6 10 9 5 6 9 2 8 9 9 5 9 4 6 8 8 4 6 6 5 4 2 8 4 4 4 10 2 5 8 6 5 8 6 6 6 4 5 8 6 10 9 5 8 6 4 5 9 4 8 9 10 2 10 4 9 2 
22361
1 2 1 1 2 4 1 4 2 4 2 4 4 4 4 2 2 4 4 1 2 2 2 1 1 1 4 1 1 1 4 2 1 1 2 2 2 4 2 1 1 1 1 2 2 2 1 2 2 2 1 2 1 4 1 2 1 1 2 1 4 1 1 1 2 2 4 1 1 2 4 1 4 4 1 1 1 1 1 4 2 2 1 
816
1 1 1 7 
20285
3 7 1 6 3 3 6 1 6 3 6 7 1 3 3 1 3 3 1 3 7 3 3 1 1 7 1 3 7 1 1 3 3 3 1 6 7 6 7 7 3 6 1 3 1 7 7 1 3 7 3 7 6 3 6 7 1 3 7 1 3 6 3 3 1 6 1 6 1 3 3 1 1 1 7 3 7 6 6 6 3 1 1 7 7 6 
13337
4 1 6 6 6 2 4 6 4 4 3 2 6 2 6 6 2 4 1 2 4 1 6 4 6 4 3 4 2 2 2 1 6 3 4 1 4 3 6 1 6 1 4 6 6 6 3 6 1 4 6 3 3 4 6 1 3 1 6 
12449
4 3 4 5 4 8 5 5 3 4 3 3 5 5 8 3 5 4 8 8 5 8 5 8 8 4 5 5 5 5 4 4 4 5 4 4 7 4 4 3 7 4 4 4 
4660
3 2 3 3 2 3 2 3 1 3 2 1 2 2 3 2 1 3 
13341
3 3 3 2 4 3 3 4 3 3 4 4 4 2 3 2 4 3 2 4 4 3 2 4 2 3 4 2 4 2 3 4 4 4 4 3 3 2 2 4 3 3 2 2 2 2 2 2 3 4 4 3 4 2 3 3 4 
15525
5 7 7 1 7 5 1 1 1 5 7 1 7 7 5 6 1 7 5 7 1 1 5 1 5 1 5 5 5 1 1 1 7 5 5 1 7 5 1 1 5 1 1 1 1 1 5 7 7 1 1 1 5 5 
969
2 2 
22372
2 2 2 2 2 2 2 2 2 2 2 1 2 2 2 2 2 2 2 2 2 2 2 2 2 2 2 2 2 1 1 2 2 2 2 2 2 2 2 2 2 2 
13388
5 5 9 6 5 8 5 8 5 10 6 9 9 8 3 3 8 9 3 5 5 10 8 10 3 6 10 8 9 5 6 5 9 9 8 6 8 8 5 5 9 6 10 6 6 8 3 5 9 5 6 6 6 3 6 3 3 9 8 9 3 8 9 9 10 6 10 9 9 
2016
3 2 2 3 3 
3894
4 3 3 4 4 3 3 
28590
2 2 2 2 2 3 3 2 2 2 2 2 2 2 3 2 3 2 3 2 2 3 2 2 2 3 3 3 3 2 2 3 3 2 2 2 3 2 2 3 2 3 3 2 2 3 2 3 2 3 2 2 2 2 2 2 2 2 3 3 2 2 3 2 3 2 2 3 3 2 2 2 2 2 2 2 3 3 2 2 3 3 2 3 2 3 
300210
1 2 1 1 2 1 1 1 2 1 1 1 1 1 1 1 1 2 2 2 1 2 2 2 2 2 1 1 2 2 2 2 2 1 1 2 1 2 2 1 2 1 2 1 2 1 2 2 1 2 2 1 2 1 1 1 1 2 1 2 2 2 1 1 2 1 1 2 1 1 1 2 1 1 1 2 2 1 2 1 1 1 
3081
1 2 2 1 2 2 1 1 1 2 
14305
2 6 4 6 2 4 6 2 4 2 4 4 4 6 2 2 4 2 2 2 4 6 4 4 2 2 4 2 4 6 6 6 6 2 2 6 6 4 6 4 4 6 2 6 6 4 4 4 2 2 2 2 
1951
2 2 1 2 2 2 
25300
2 1 1 1 1 1 2 1 1 
19939
2 5 2 5 3 8 8 8 3 5 2 8 8 5 2 3 3 3 8 3 3 5 2 3 3 8 5 5 2 5 5 5 2 8 3 6 2 3 3 2 3 2 2 5 2 3 2 5 3 2 8 2 8 8 8 2 5 5 3 3 3 5 6 8 5 8 2 3 3 2 5 8 2 2 5 3 8 2 2 5 3 2 8 5 2 2 3 8 3 5 5 6 8 5 2 8 
17102
2 2 1 2 2 2 1 2 1 1 2 1 1 2 2 1 2 1 1 1 1 2 1 2 1 2 1 2 2 1 2 2 1 1 2 1 1 2 1 1 1 1 2 1 2 1 2 2 2 2 2 2 2 
14348
2 5 4 2 5 2 3 3 5 3 4 5 4 3 4 5 4 3 4 5 5 2 4 2 3 4 3 4 5 5 4 3 1 4 5 4 3 4 3 4 3 5 3 5 2 5 3 
33637
3 3 3 3 3 3 3 3 3 3 3 3 3 3 3 3 3 2 3 1 3 1 3 3 3 3 3 3 3 3 3 3 1 3 3 3 3 3 2 3 3 3 3 1 1 3 3 3 3 3 2 3 3 3 3 3 3 3 3 3 3 3 2 3 3 3 3 3 3 3 3 3 1 3 3 3 3 
27408
1 1 1 1 1 1 1 1 1 1 1 1 1 1 1 1 1 1 1 1 1 1 1 1 1 1 1 1 1 1 1 1 1 1 1 1 1 1 1 1 1 1 1 1 1 1 1 1 1 1 1 1 1 1 1 
34470
2 1 1 1 1 2 1 1 2 1 
11397
4 1 2 1 2 4 4 1 8 1 1 8 8 3 2 4 1 3 1 5 8 1 3 3 1 8 4 1 1 1 2 8 1 2 1 2 4 2 2 2 3 2 4 4 4 3 2 4 8 1 2 3 3 5 1 8 
280114
2 1 1 2 2 2 2 2 1 2 2 2 2 2 1 2 1 1 2 1 1 2 1 2 2 2 2 2 2 1 1 1 1 1 2 2 1 1 1 2 1 2 2 2 1 2 1 1 1 1 1 2 2 1 1 1 2 1 2 1 2 2 2 1 2 1 1 1 1 2 1 2 1 1 2 2 1 1 2 2 2 1 2 1 1 2 1 2 2 1 
11496
1 2 2 2 1 1 2 2 2 1 1 1 1 2 2 2 1 2 2 1 2 1 1 1 1 2 1 1 2 2 
31390
1 1 3 1 2 3 1 1 3 3 5 1 3 1 3 3 1 3 3 2 3 1 1 1 3 3 1 1 3 1 3 3 3 3 3 3 3 1 1 1 3 3 3 1 1 1 3 3 3 3 1 3 1 1 1 1 1 1 3 5 3 3 1 1 3 1 1 1 1 3 3 3 1 3 1 2 1 3 1 2 1 1 3 1 1 1 3 5 3 1 1 1 3 1 1 3 1 3 3 1 
24079
2 3 1 3 3 3 3 1 3 1 1 3 3 3 3 1 1 1 3 1 1 3 1 3 3 1 1 1 3 1 3 1 3 1 3 3 3 2 3 1 3 1 3 1 3 1 3 2 3 1 3 1 3 3 1 3 3 3 1 3 1 3 3 3 3 1 1 1 3 1 3 1 3 1 
20197
1 5 5 4 5 5 4 1 1 1 5 4 4 1 5 1 1 4 1 4 4 1 1 5 1 4 5 5 1 5 5 5 5 5 5 1 1 6 5 4 5 1 6 4 4 1 4 4 1 5 1 5 5 4 5 1 1 1 4 4 1 4 5 5 4 1 5 4 5 5 5 4 4 5 
14226
7 3 4 3 9 2 7 4 8 7 9 4 8 8 7 4 9 3 4 4 3 4 8 8 4 2 8 8 2 7 7 4 7 9 2 2 8 3 9 7 4 2 7 8 9 7 8 3 7 7 8 4 3 8 3 9 8 9 9 8 2 3 8 8 2 2 7 3 4 9 3 9 9 8 4 9 9 9 3 7 7 
4147
1 1 7 8 8 8 8 8 1 1 8 8 7 
11265
7 3 4 3 3 7 7 3 4 4 3 1 1 3 3 1 3 3 4 1 1 3 1 3 3 4 4 3 3 1 1 7 3 7 7 3 7 7 3 1 7 3 1 4 4 1 7 7 4 
19482
1 5 1 5 1 4 1 2 1 2 1 4 5 5 5 1 1 2 5 1 4 5 5 4 1 5 2 2 4 1 2 2 2 2 4 1 2 5 2 1 5 4 1 2 1 5 5 4 5 1 1 5 4 4 1 4 5 5 5 4 1 1 5 2 1 5 4 1 5 1 5 4 5 4 1 1 
218846
1 2 1 1 2 1 1 3 3 3 2 3 1 2 1 2 1 1 1 2 3 3 1 1 2 3 2 3 3 1 3 3 3 3 2 2 3 1 2 1 2 2 3 2 1 2 1 2 2 3 2 3 3 1 2 1 1 2 2 3 3 2 3 2 2 1 1 3 2 1 1 2 3 1 3 1 2 2 2 1 1 3 1 3 1 1 1 3 3 1 1 2 
24336
3 2 2 2 3 3 2 2 3 3 3 2 3 3 3 2 2 3 3 2 2 2 2 2 2 2 3 2 3 2 3 3 3 3 3 3 2 3 2 3 3 2 2 3 3 3 2 2 2 2 2 2 2 3 3 3 3 3 2 2 2 3 3 2 3 3 
12221
2 6 6 4 2 6 4 8 4 5 4 5 6 6 8 5 8 4 2 5 8 5 2 8 4 5 5 6 4 6 4 2 8 5 5 8 5 4 4 4 2 8 8 6 6 2 6 2 2 6 5 6 2 6 5 2 2 8 6 5 2 2 2 4 5 2 2 2 4 6 5 6 8 6 5 
31294
8 2 8 8 2 2 8 8 2 2 2 8 8 8 2 8 8 2 8 8 6 2 8 6 2 8 8 8 8 8 8 8 8 1 8 8 8 7 2 7 8 8 2 2 8 8 7 8 7 2 8 8 8 2 8 2 8 2 2 2 8 8 2 8 2 1 6 2 8 2 2 8 8 7 8 6 8 8 8 2 2 8 2 2 8 2 2 2 2 2 8 8 8 2 
17134
4 4 4 4 4 4 4 4 4 4 4 4 4 4 4 4 4 4 4 4 4 4 4 4 4 4 4 4 4 4 4 4 4 4 4 4 4 
13464
6 3 1 6 2 6 3 2 3 5 2 6 3 1 1 6 6 3 2 7 1 2 1 2 1 2 2 7 2 3 2 1 7 6 3 3 7 1 7 6 1 1 2 7 6 2 7 2 1 1 2 1 3 1 7 7 2 6 3 5 3 1 7 1 6 6 7 2 1 1 1 6 6 2 3 6 7 1 7 
10197
5 7 7 6 5 8 5 6 8 6 8 5 6 7 5 6 6 7 7 5 7 7 7 6 5 10 5 7 8 8 8 10 8 8 10 10 5 6 7 6 8 8 7 7 5 7 8 10 8 
13191
7 8 5 5 2 2 3 5 8 5 3 2 2 3 7 5 7 7 1 5 1 2 3 5 2 2 2 7 8 1 2 7 2 8 8 2 1 8 3 1 8 3 1 5 3 2 1 8 1 8 1 3 1 8 5 3 3 7 1 3 5 5 2 7 8 5 1 8 7 
12993
2 3 2 1 2 1 1 3 2 1 5 2 7 2 3 3 3 5 2 7 3 5 5 3 1 1 7 5 5 2 1 3 2 7 1 7 5 7 2 7 7 2 3 7 1 5 3 7 5 2 1 5 7 2 5 3 3 3 5 5 7 7 5 1 2 
9039
3 3 1 1 8 3 3 6 3 3 3 1 3 3 3 3 3 3 
12922
4 7 4 7 3 5 7 1 1 3 1 7 5 1 4 3 3 7 7 1 8 1 3 5 4 5 7 1 8 4 5 3 4 7 7 7 7 4 1 7 5 7 8 8 1 8 4 7 4 3 7 3 8 4 4 3 7 1 1 7 1 
13517
7 4 1 8 4 5 5 5 6 1 1 5 8 5 8 8 8 8 5 5 5 4 7 8 1 5 8 7 8 5 8 8 8 1 7 7 1 5 1 5 5 8 7 5 5 8 1 8 5 1 5 8 4 5 1 
6923
1 1 10 9 10 10 10 2 9 9 10 10 10 10 2 2 1 9 10 1 2 9 10 10 10 1 9 1 
28818
8 8 8 5 8 3 8 6 8 8 8 8 8 8 3 6 8 8 6 8 8 3 8 8 8 8 9 8 9 8 8 8 8 8 8 8 8 8 8 8 8 8 8 3 5 8 3 8 8 8 8 9 8 8 8 8 8 8 8 8 8 8 
19566
4 3 3 2 2 3 4 3 3 3 3 3 2 4 3 4 2 2 4 3 2 4 2 4 4 4 3 2 2 4 4 2 3 4 4 4 2 4 2 4 4 4 4 3 3 3 3 4 4 3 4 2 2 2 2 3 3 4 3 2 3 4 4 4 4 3 2 
21580
5 5 5 1 5 5 1 5 1 3 3 5 5 5 1 1 1 5 5 1 1 5 1 1 2 1 5 5 1 1 5 1 1 1 5 1 5 3 5 1 5 5 5 5 1 1 5 2 1 1 1 1 1 5 5 1 5 1 1 1 5 5 1 3 1 1 5 1 1 1 5 1 1 
6409
3 2 3 6 6 2 7 3 7 2 9 9 3 2 9 7 2 3 3 3 9 7 7 6 
32495
2 1 2 1 1 2 2 1 1 2 1 2 2 3 1 2 2 2 1 1 1 1 1 2 2 1 1 2 2 2 2 2 2 2 2 2 1 1 3 2 1 2 2 2 2 3 1 1 1 2 2 1 2 1 1 1 1 2 1 2 2 1 2 2 2 1 1 2 2 1 1 1 3 1 2 2 1 1 2 2 1 2 1 2 1 2 2 2 
15922
7 7 6 6 6 6 7 6 7 6 7 6 6 6 6 4 6 6 7 6 4 6 7 6 7 7 6 7 6 7 7 6 6 7 7 6 6 6 5 7 4 6 6 7 6 6 
216573
1 1 1 2 1 1 1 1 1 1 2 2 1 2 2 1 2 1 2 2 2 1 1 2 1 2 2 1 1 1 1 2 2 2 2 2 2 2 1 2 1 2 1 1 1 2 1 2 2 1 2 2 2 2 1 2 2 1 2 1 1 1 1 
31036
1 1 1 1 1 1 1 1 1 1 1 1 1 1 1 1 1 1 1 1 1 1 1 1 1 1 3 1 1 1 1 1 1 1 1 1 1 1 1 1 1 1 1 1 1 1 1 1 3 1 3 1 1 1 1 1 1 1 1 1 1 
8942
2 2 2 2 2 2 2 2 2 2 2 2 2 2 2 2 2 
2594
4 1 1 1 4 1 1 
3331
8 10 10 8 8 3 8 10 
36384
5 5 3 3 5 5 5 1 5 3 5 5 1 5 3 3 5 1 5 3 3 3 3 5 5 4 3 5 5 5 3 6 5 2 5 5 3 5 5 5 2 3 5 5 3 5 3 2 6 6 5 1 5 3 3 5 5 3 6 5 5 3 5 3 3 3 5 5 5 3 3 3 3 5 5 3 3 6 4 3 3 3 5 5 5 5 3 3 5 5 3 1 3 3 3 3 5 
8606
8 8 3 1 8 3 1 8 2 1 8 7 7 3 7 2 3 2 3 3 3 7 2 8 7 1 8 3 7 3 2 1 7 2 
